#---------------------------------------------MATERIAL DEFINITION---------------------------------------------

#Total #Absorption #Capture #Fission #Nu #Chi

Material 0 #UO2

2.12450E-01 8.02480E-03 8.12740E-04 7.21206E-03 2.78145E+00 5.87910E-01
3.55470E-01 3.71740E-03 2.89810E-03 8.19301E-04 2.47443E+00 4.11760E-01
4.85540E-01 2.67690E-02 2.03158E-02 6.45320E-03 2.43383E+00 3.39060E-04
5.59400E-01 9.62360E-02 7.76712E-02 1.85648E-02 2.43380E+00 1.17610E-07
3.18030E-01 3.00200E-02 1.22116E-02 1.78084E-02 2.43380E+00 0.00000E+00
4.01460E-01 1.11260E-01 2.82252E-02 8.30348E-02 2.43380E+00 0.00000E+00
5.70610E-01 2.82780E-01 6.67760E-02 2.16004E-01 2.43380E+00 0.00000E+00

1.27537E-01 4.23780E-02 9.43740E-06 5.51630E-09 0.00000E+00 0.00000E+00 0.00000E+00
0.00000E+00 3.24456E-01 1.63140E-03 3.14270E-09 0.00000E+00 0.00000E+00 0.00000E+00
0.00000E+00 0.00000E+00 4.50940E-01 2.67920E-03 0.00000E+00 0.00000E+00 0.00000E+00
0.00000E+00 0.00000E+00 0.00000E+00 4.52565E-01 5.56640E-03 0.00000E+00 0.00000E+00
0.00000E+00 0.00000E+00 0.00000E+00 1.25250E-04 2.71401E-01 1.02550E-02 1.00210E-08
0.00000E+00 0.00000E+00 0.00000E+00 0.00000E+00 1.29680E-03 2.65802E-01 1.68090E-02
0.00000E+00 0.00000E+00 0.00000E+00 0.00000E+00 0.00000E+00 8.54580E-03 2.73080E-0

Material 1 #Moderator

2.30070E-01 6.01050E-04 6.01050E-04 0.00000E+00 0.00000E+00 0.00000E+00
7.76460E-01 1.57930E-05 1.57930E-05 0.00000E+00 0.00000E+00 0.00000E+00
1.48420E+00 3.37160E-04 3.37160E-04 0.00000E+00 0.00000E+00 0.00000E+00
1.50520E+00 1.94060E-03 1.94060E-03 0.00000E+00 0.00000E+00 0.00000E+00
1.55920E+00 5.74160E-03 5.74160E-03 0.00000E+00 0.00000E+00 0.00000E+00
2.02540E+00 1.50010E-02 1.50010E-02 0.00000E+00 0.00000E+00 0.00000E+00
3.30570E+00 3.72390E-02 3.72390E-02 0.00000E+00 0.00000E+00 0.00000E+00

4.44777E-02 1.13400E-01 7.23470E-04 3.74990E-06 5.31840E-08 0.00000E+00 0.00000E+00
0.00000E+00 2.82334E-01 1.29940E-01 6.23400E-04 4.80020E-05 7.44860E-06 1.04550E-06
0.00000E+00 0.00000E+00 3.45256E-01 2.24570E-01 1.69990E-02 2.64430E-03 5.03440E-04
0.00000E+00 0.00000E+00 0.00000E+00 9.10284E-02 4.15510E-01 6.37320E-02 1.21390E-02
0.00000E+00 0.00000E+00 0.00000E+00 7.14370E-05 1.39138E-01 5.11820E-01 6.12290E-02
0.00000E+00 0.00000E+00 0.00000E+00 0.00000E+00 2.21570E-03 6.99913E-01 5.37320E-01
0.00000E+00 0.00000E+00 0.00000E+00 0.00000E+00 0.00000E+00 1.32440E-01 2.48070E+00

Material 2 #Fission Chamber

1.90730E-01 5.11320E-04 5.11315E-04 4.79002E-09 2.76283E+00 5.87910E-01
4.56520E-01 7.58130E-05 7.58072E-05 5.82564E-09 2.46239E+00 4.11760E-01
6.40700E-01 3.16430E-04 3.15966E-04 4.63719E-07 2.43380E+00 3.39060E-04
6.49840E-01 1.16750E-03 1.16226E-03 5.24406E-06 2.43380E+00 1.17610E-07
6.70630E-01 3.39770E-03 3.39755E-03 1.45390E-07 2.43380E+00 0.00000E+00
8.75060E-01 9.18860E-03 9.18789E-03 7.14972E-07 2.43380E+00 0.00000E+00
1.43450E+00 2.32440E-02 2.32419E-02 2.08041E-06 2.43380E+00 0.00000E+00

6.61659E-02 5.90700E-02 2.83340E-04 1.46220E-06 2.06420E-08 0.00000E+00 0.00000E+00
0.00000E+00 2.40377E-01 5.24350E-02 2.49900E-04 1.92390E-05 2.98750E-06 4.21400E-07
0.00000E+00 0.00000E+00 1.83425E-01 9.22880E-02 6.93650E-03 1.07900E-03 2.05430E-04
0.00000E+00 0.00000E+00 0.00000E+00 7.90769E-02 1.69990E-01 2.58600E-02 4.92560E-03
0.00000E+00 0.00000E+00 0.00000E+00 3.73400E-05 9.97570E-02 2.06790E-01 2.44780E-02
0.00000E+00 0.00000E+00 0.00000E+00 0.00000E+00 9.17420E-04 3.16774E-01 2.38760E-01
0.00000E+00 0.00000E+00 0.00000E+00 0.00000E+00 0.00000E+00 4.97930E-02 1.09910E+00

Material 3 #Guide Tube

1.90730E-01 5.11320E-04 5.11320E-04 0.00000E+00 0.00000E+00 0.00000E+00
4.56520E-01 7.58010E-05 7.58010E-05 0.00000E+00 0.00000E+00 0.00000E+00
6.40670E-01 3.15720E-04 3.15720E-04 0.00000E+00 0.00000E+00 0.00000E+00
6.49670E-01 1.15820E-03 1.15820E-03 0.00000E+00 0.00000E+00 0.00000E+00
6.70580E-01 3.39750E-03 3.39750E-03 0.00000E+00 0.00000E+00 0.00000E+00
8.75050E-01 9.18780E-03 9.18780E-03 0.00000E+00 0.00000E+00 0.00000E+00
1.43450E+00 2.32420E-02 2.32420E-02 0.00000E+00 0.00000E+00 0.00000E+00

5.90700E-02 2.83340E-04 1.46220E-06 2.06420E-08 0.00000E+00 0.00000E+00 0.00000E+00
0.00000E+00 2.40377E-01 5.24350E-02 2.49900E-04 1.92390E-05 2.98750E-06 4.21400E-07
0.00000E+00 0.00000E+00 1.83297E-01 9.23970E-02 6.94460E-03 1.08030E-03 2.05670E-04
0.00000E+00 0.00000E+00 0.00000E+00 7.88511E-02 1.70140E-01 2.58810E-02 4.92970E-03
0.00000E+00 0.00000E+00 0.00000E+00 3.73330E-05 9.97372E-02 2.06790E-01 2.44780E-02
0.00000E+00 0.00000E+00 0.00000E+00 0.00000E+00 9.17260E-04 3.16765E-01 2.38770E-01
0.00000E+00 0.00000E+00 0.00000E+00 0.00000E+00 0.00000E+00 4.97920E-02 1.09912E+01

#---------------------------------------------SURFACE DEFINITION---------------------------------------------

Surface 1 CZ 0.54
Surface 2 PX 0.63
Surface 3 PX -0.63
Surface 4 PY 0.63
Surface 5 PY -0.63
Surface 6 PZ 1.89
Surface 7 PZ -1.89

#---------------------------------------------CELL DEFINITION---------------------------------------------

Cell 0
0 -1 -6 +7 /
1 +1 -2 +3 -4 +5 -6 +7 /

Cell 1
2 -1 -6 +7 /
1 +1 -2 +3 -4 +5 -6 +7 /

Cell 2
3 -1 -6 +7 /
1 +1 -2 +3 -4 +5 -6 +7 /

Size 17 17 51
Default_Cell 0

#x_axis, y_axis, xy_axis symmetry

Replace_Cell 1 [9,9]
Replace_Cell 2 [4,4] [6,6] [6,3] [9,3] [9,6]