6 7 7 2 7 10 9 4 6 9 13 8 5 3 8 11 5 
2 4 10 4 3 9 5 11 9 6 6 9 10 8 8 4 6 
4 4 7 4 8 0 8 6 0 8 6 0 4 12 8 4 13 
6 5 5 0 26 4 2 4 8 6 6 0 6 0 4 6 2 
10 2 12 12 8 7 2 14 7 6 12 3 11 4 20 7 3 
10 13 0 13 6 0 7 11 0 5 6 0 10 14 0 7 7 
8 8 7 2 4 12 1 12 12 9 14 6 3 10 8 10 9 
8 9 2 2 10 14 6 6 6 12 13 9 7 6 19 8 6 
2 4 0 11 2 0 7 3 0 6 4 0 0 20 0 7 2 
10 5 7 7 6 6 2 8 6 4 2 4 12 0 10 10 10 
12 5 4 12 12 8 6 8 8 6 4 8 2 5 12 9 7 
6 5 0 2 3 0 13 6 0 5 8 0 6 8 0 2 4 
6 15 4 5 3 4 16 2 10 6 1 10 5 6 6 0 11 
4 10 11 0 5 10 4 2 11 19 12 4 2 0 4 6 13 
0 6 8 10 12 0 1 10 0 10 6 0 4 15 11 13 2 
10 10 7 12 11 11 8 6 8 13 4 8 9 14 3 6 6 
6 8 2 8 4 6 4 6 9 2 0 6 6 8 12 1 1 
