47556 47412 47908 48342 49218 49506 49391 49129 49441 49084 49599 49417 48890 48991 48000 47378 47375 
47266 47818 48511 49262 51057 52686 51425 51612 53198 51217 50423 52541 50627 49839 48506 47963 47406 
47992 48924 50293 53714 54850 0 54180 54107 0 53848 54148 0 54752 53379 51366 48412 47717 
48313 49380 53820 0 55998 56297 52804 52224 54539 52226 52470 54767 55090 0 53975 49532 48114 
48919 50866 55203 55850 54566 54899 52946 52757 54555 52708 52681 55115 53553 55751 54626 51157 48682 
49588 53039 0 54821 55580 0 55093 54954 0 54562 55489 0 54533 54992 0 52691 49500 
49816 50889 54281 53016 52871 55313 52674 52451 54737 52279 53410 54551 52598 52770 54547 50827 49070 
49850 51677 53957 52526 52592 54698 52364 52481 55107 52844 52481 54734 53205 52578 53637 51136 49891 
50028 52927 0 54328 55206 0 54727 55023 1 54471 54971 0 54913 54326 0 53474 49462 
49934 50958 54583 52508 52610 55129 52704 52355 55256 52382 53333 55176 52211 52110 54308 51031 49656 
49528 51238 54549 53077 52750 54725 52818 52162 54868 52422 52421 54891 51662 52932 54137 51226 49410 
49905 53038 0 55646 55407 0 54900 55016 0 54508 54727 0 55104 55262 0 52480 49427 
48862 51103 54164 56021 54034 55017 52919 52467 54865 52298 52444 55248 54423 55938 53990 50967 49629 
48666 50184 54618 0 55697 56042 52653 52258 55310 52065 52921 55531 55295 0 53474 50433 48378 
48255 48282 50604 54159 54433 0 54532 54258 0 53897 53919 0 55054 53255 50795 48349 48261 
47155 47765 49042 49864 50067 52784 51547 51252 53020 50821 51041 53078 50784 50224 48689 47482 47925 
46850 47492 48055 48659 49649 49798 49331 49580 49682 49866 49617 49664 48507 48280 48094 47324 47600 
