2.19116e-06
2.1904e-06
2.18975e-06
2.18909e-06
2.18835e-06
2.18719e-06
2.18489e-06
2.18536e-06
2.1863e-06
2.18581e-06
2.18465e-06
2.17959e-06
2.17809e-06
2.1771e-06
2.1744e-06
2.17135e-06
2.16927e-06
2.16774e-06
2.16518e-06
2.1621e-06
2.15787e-06
2.15353e-06
2.1488e-06
2.14363e-06
2.13835e-06
2.13393e-06
2.1284e-06
2.12133e-06
2.11753e-06
2.11405e-06
2.10766e-06
2.10156e-06
2.09492e-06
2.08937e-06
2.08249e-06
2.07668e-06
2.06836e-06
2.05913e-06
2.05509e-06
2.04616e-06
2.03881e-06
2.02841e-06
2.01928e-06
2.01115e-06
2.00289e-06
1.99341e-06
1.98304e-06
1.97241e-06
1.96181e-06
1.95243e-06
1.94143e-06
1.9324e-06
1.92119e-06
1.91079e-06
1.89896e-06
1.88823e-06
1.879e-06
1.86974e-06
1.85697e-06
1.84486e-06
1.83326e-06
1.82035e-06
1.80867e-06
1.79754e-06
1.78617e-06
1.7723e-06
1.76072e-06
1.74749e-06
1.73442e-06
1.7211e-06
1.70563e-06
1.69418e-06
1.68067e-06
1.66666e-06
1.65346e-06
1.64079e-06
1.6265e-06
1.60984e-06
1.59276e-06
1.57851e-06
1.5618e-06
1.54627e-06
1.53056e-06
1.51707e-06
1.50159e-06
1.48563e-06
1.4693e-06
1.45075e-06
1.43442e-06
1.41674e-06
1.3994e-06
1.38247e-06
1.36537e-06
1.34884e-06
1.33027e-06
1.31238e-06
1.29469e-06
1.27698e-06
1.25688e-06
1.23897e-06
1.22053e-06
1.20211e-06
1.18255e-06
1.16372e-06
1.14483e-06
1.12576e-06
1.10792e-06
1.08902e-06
1.06913e-06
1.05062e-06
1.03055e-06
1.0106e-06
9.91476e-07
9.72726e-07
9.5171e-07
9.31818e-07
9.11733e-07
8.9097e-07
8.70918e-07
8.51492e-07
8.3108e-07
8.10272e-07
7.87591e-07
7.66813e-07
7.45719e-07
7.24445e-07
7.04651e-07
6.83547e-07
6.61938e-07
6.4063e-07
6.18268e-07
5.9641e-07
5.74149e-07
5.53012e-07
5.31829e-07
5.11156e-07
4.89296e-07
4.68572e-07
4.46677e-07
4.25364e-07
4.02805e-07
3.81305e-07
3.5949e-07
3.37497e-07
3.15856e-07
2.9317e-07
2.71606e-07
2.4877e-07
2.26397e-07
2.05173e-07
1.83725e-07
1.64394e-07
1.47373e-07
0
0
0
0
0
0
0
0
0
0
0
0
0
0
0
0
0
