4.78577e-08
4.80354e-08
4.8266e-08
4.81157e-08
4.78061e-08
4.76356e-08
4.74297e-08
4.77023e-08
4.79205e-08
4.7648e-08
4.76597e-08
4.8001e-08
4.78409e-08
4.78259e-08
4.75813e-08
4.76381e-08
4.77436e-08
4.76285e-08
4.74383e-08
4.70861e-08
4.69731e-08
4.73936e-08
4.74292e-08
4.67948e-08
4.65211e-08
4.64582e-08
4.63499e-08
4.63936e-08
4.65465e-08
4.65123e-08
4.6193e-08
4.62635e-08
4.61779e-08
4.55584e-08
4.52218e-08
4.52444e-08
4.49668e-08
4.47633e-08
4.47965e-08
4.4964e-08
4.47414e-08
4.45203e-08
4.40018e-08
4.38783e-08
4.35496e-08
4.32127e-08
4.27489e-08
4.25864e-08
4.22312e-08
4.20413e-08
4.16495e-08
4.15523e-08
4.12998e-08
4.12461e-08
4.09941e-08
4.06101e-08
4.03806e-08
4.01037e-08
3.97568e-08
3.95447e-08
3.9079e-08
3.85814e-08
3.84823e-08
3.86966e-08
3.83492e-08
3.83788e-08
3.7616e-08
3.76796e-08
3.73039e-08
3.7229e-08
3.69912e-08
3.69166e-08
3.6111e-08
3.60642e-08
3.55221e-08
3.51525e-08
3.4465e-08
3.39182e-08
3.3495e-08
3.32331e-08
3.31212e-08
3.31881e-08
3.26515e-08
3.24135e-08
3.19198e-08
3.1525e-08
3.14154e-08
3.08475e-08
3.06808e-08
3.01782e-08
2.98933e-08
2.92608e-08
2.8671e-08
2.82571e-08
2.80103e-08
2.76168e-08
2.7062e-08
2.68548e-08
2.64767e-08
2.63544e-08
2.59906e-08
2.54893e-08
2.49553e-08
2.47441e-08
2.43939e-08
2.40865e-08
2.36191e-08
2.32896e-08
2.26921e-08
2.25434e-08
2.18915e-08
2.13664e-08
2.12456e-08
2.0929e-08
2.04021e-08
1.99986e-08
1.95274e-08
1.89441e-08
1.83992e-08
1.76585e-08
1.73576e-08
1.68109e-08
1.60571e-08
1.56232e-08
1.53405e-08
1.51671e-08
1.44953e-08
1.40724e-08
1.3715e-08
1.31626e-08
1.2634e-08
1.1937e-08
1.16471e-08
1.12986e-08
1.09594e-08
1.05355e-08
1.01335e-08
9.60017e-09
9.19518e-09
8.75232e-09
8.25391e-09
7.7464e-09
7.35327e-09
6.96952e-09
6.397e-09
5.84376e-09
5.61208e-09
5.13076e-09
4.86544e-09
4.47142e-09
4.3513e-09
4.46192e-09
5.71836e-09
0
0
0
0
0
0
0
0
0
0
0
0
0
0
0
0
0
